"","Subject","Group","fea_f0","fea_full","fea_tbr","hap_f0","hap_full","hap_tbr","ple_f0","ple_full","ple_tbr","sad_f0","sad_full","sad_tbr"
"1","006ead65","C",0.5,0.708333333333333,0.208333333333333,0.625,0.791666666666667,0.25,0.5,0.708333333333333,0.458333333333333,0.791666666666667,0.791666666666667,0.458333333333333
"2","0129a79c","A",0.375,0.45,0.148148148148148,0.766666666666667,1,0.357142857142857,0.36,0.352941176470588,0.541666666666667,0.666666666666667,0.6,0.535714285714286
"3","01e4b1dd","M",0.541666666666667,0.708333333333333,0.291666666666667,0.75,1,0.375,0.708333333333333,0.75,0.5,0.666666666666667,0.583333333333333,0.458333333333333
"4","046aea9b","A",0.461538461538462,0.5,0.16,0.857142857142857,1,0.344827586206897,0.566666666666667,0.7,0.538461538461538,0.5,0.454545454545455,0.625
"5","04ee791f","A",0.315789473684211,0.5,0.0909090909090909,1,1,0.384615384615385,0.46875,0.807692307692308,0.25,0.833333333333333,0.789473684210526,0.269230769230769
"6","04fd8955","A",0.740740740740741,0.846153846153846,0.444444444444444,0.818181818181818,1,0.36,0.5,0.958333333333333,0.6,0.571428571428571,0.771428571428571,0.310344827586207
"7","05c96b27","M",0.458333333333333,0.416666666666667,0.208333333333333,0.75,0.875,0.375,0.291666666666667,0.541666666666667,0.291666666666667,0.666666666666667,0.666666666666667,0.5
"8","0703d03f","A",0.4375,0.653846153846154,0.357142857142857,0.91304347826087,0.96969696969697,0.346153846153846,0.25,0.666666666666667,0.260869565217391,0.764705882352941,0.785714285714286,0.592592592592593
"9","08b28f4f","M",0.375,0.625,0.0833333333333333,0.583333333333333,1,0.708333333333333,0.333333333333333,0.583333333333333,0.291666666666667,0.833333333333333,0.916666666666667,0.791666666666667
"10","0982556e","A",0.518518518518518,0.76,0.217391304347826,0.578947368421053,0.724137931034483,0.478260869565217,0.352941176470588,0.391304347826087,0.333333333333333,0.36,0.222222222222222,0.645161290322581
"11","0d314033","A",0.541666666666667,0.833333333333333,0.227272727272727,0.958333333333333,0.970588235294118,0.478260869565217,0.28125,0.476190476190476,0.416666666666667,0.545454545454545,0.653846153846154,0.363636363636364
"12","0e85a85a","C",0.75,0.75,0.666666666666667,0.875,1,0.541666666666667,0.416666666666667,0.5,0.208333333333333,0.666666666666667,0.708333333333333,0.458333333333333
"13","131178b3","A",0.833333333333333,0.722222222222222,0.461538461538462,0.518518518518518,0.909090909090909,0.206896551724138,0.363636363636364,0.620689655172414,0.227272727272727,0.826086956521739,0.894736842105263,0.75
"14","13e3517c","A",0.821428571428571,0.863636363636364,0.636363636363636,0.80952380952381,1,0.6,0.608695652173913,0.769230769230769,0.578947368421053,0.6,0.826086956521739,0.52
"15","14482273","A",0.5,0.571428571428571,0.16,0.882352941176471,0.928571428571429,0.260869565217391,0.391304347826087,0.607142857142857,0.4,0.774193548387097,0.833333333333333,0.5
"16","16c7b14e","C",0.541666666666667,0.708333333333333,0.291666666666667,0.916666666666667,0.916666666666667,0.541666666666667,0.666666666666667,0.666666666666667,0.375,0.458333333333333,0.458333333333333,0.5
"17","16f7b9cd","A",0.526315789473684,0.68,0.272727272727273,0.888888888888889,0.96,0.608695652173913,0.347826086956522,0.518518518518518,0.285714285714286,0.681818181818182,0.833333333333333,0.423076923076923
"18","16ff3610","C",0.458333333333333,0.416666666666667,0.0416666666666667,0.791666666666667,0.958333333333333,0.25,0.625,0.958333333333333,0.583333333333333,0.708333333333333,0.791666666666667,0.625
"19","1a4d3592","A",0.708333333333333,0.692307692307692,0.428571428571429,0.761904761904762,1,0.346153846153846,0.4375,0.72,0.291666666666667,0.666666666666667,0.941176470588235,0.5
"20","1cafbf78","M",0.416666666666667,0.5,0.0416666666666667,0.916666666666667,1,0.583333333333333,0.583333333333333,0.833333333333333,0.333333333333333,0.875,0.958333333333333,0.75
"21","1d02e7f7","C",0.458333333333333,0.708333333333333,0.125,0.875,0.958333333333333,0.458333333333333,0.333333333333333,0.5,0.25,0.833333333333333,0.833333333333333,0.708333333333333
"22","1d0d6b00","A",0.428571428571429,0.419354838709677,0.421052631578947,0.5,0.851851851851852,0.0666666666666667,0.25,0.32258064516129,0.178571428571429,0.6,0.526315789473684,0.551724137931034
"23","1dd171b3","M",0.681818181818182,0.565217391304348,0.3,0.916666666666667,0.833333333333333,0.652173913043478,0.454545454545455,0.44,0.413793103448276,0.583333333333333,0.423076923076923,0.444444444444444
"24","1e39cb82","M",0.666666666666667,0.666666666666667,0.25,0.583333333333333,1,0.333333333333333,0.541666666666667,0.666666666666667,0.5,0.625,0.625,0.458333333333333
"25","1ef92b98","M",0.583333333333333,0.75,0.25,0.833333333333333,0.958333333333333,0.666666666666667,0.625,0.875,0.583333333333333,0.666666666666667,0.791666666666667,0.625
"26","1f5b1d12","A",0.916666666666667,0.875,0.68,0.821428571428571,0.954545454545455,0.125,0.4,0.620689655172414,0.241379310344828,0.75,0.947368421052632,0.470588235294118
"27","1fcd9703","A",0.448275862068966,0.407407407407407,0.307692307692308,0.75,1,0.413793103448276,0.619047619047619,0.708333333333333,0.483870967741935,0.764705882352941,0.833333333333333,0.375
"28","20ad6b57","M",0.458333333333333,0.375,0.291666666666667,0.75,0.958333333333333,0.625,0.5,0.583333333333333,0.25,0.625,0.833333333333333,0.416666666666667
"29","22575a7a","A",0.526315789473684,0.75,0.608695652173913,0.666666666666667,0.954545454545455,0.296296296296296,0.476190476190476,0.740740740740741,0.451612903225806,0.384615384615385,0.523809523809524,0.24
"30","2317733b","A",0.62962962962963,0.727272727272727,0.478260869565217,0.833333333333333,1,0.696969696969697,0.678571428571429,0.761904761904762,0.464285714285714,0.652173913043478,0.833333333333333,0.333333333333333
"31","265c651e","A",0.470588235294118,0.758620689655172,0.0869565217391304,0.612903225806452,0.888888888888889,0.590909090909091,0.541666666666667,0.666666666666667,0.241379310344828,0.714285714285714,0.8,0.75
"32","2813cf23","A",0.444444444444444,0.291666666666667,0.0833333333333333,0.590909090909091,0.896551724137931,0.65,0.71875,0.576923076923077,0.416666666666667,0.25,0.56,0.363636363636364
"33","29731bf1","M",0.75,0.916666666666667,0.625,0.625,0.916666666666667,0.541666666666667,0.583333333333333,0.666666666666667,0.458333333333333,0.375,0.458333333333333,0.333333333333333
"34","2a37084e","C",0.458333333333333,0.333333333333333,0.541666666666667,0.708333333333333,0.833333333333333,0.291666666666667,0.458333333333333,0.791666666666667,0.458333333333333,0.5,0.75,0.583333333333333
"35","2e65ce6e","A",0.5,0.476190476190476,0.45,0.652173913043478,1,0.333333333333333,0.592592592592593,0.62962962962963,0.48,0.666666666666667,0.653846153846154,0.3
"36","318c705f","C",0.666666666666667,0.708333333333333,0.625,1,1,0.458333333333333,0.375,0.75,0.333333333333333,0.291666666666667,0.5,0.375
"37","324cea26","A",0.434782608695652,0.739130434782609,0.318181818181818,0.8,0.9,0.48,0.366666666666667,0.758620689655172,0.5,0.91304347826087,0.857142857142857,0.375
"38","34bc7021","A",0.352941176470588,0.44,0.157894736842105,0.851851851851852,1,0.684210526315789,0.714285714285714,0.708333333333333,0.217391304347826,0.68,0.689655172413793,0.653846153846154
"39","3655c713","C",0.5,0.75,0.458333333333333,0.833333333333333,0.958333333333333,0.291666666666667,0.583333333333333,0.833333333333333,0.5,0.833333333333333,0.875,0.541666666666667
"40","36d3024f","A",0.633333333333333,0.705882352941177,0.464285714285714,0.791666666666667,0.823529411764706,0.473684210526316,0.277777777777778,0.757575757575758,0.392857142857143,0.814814814814815,0.615384615384615,0.476190476190476
"41","38c800a9","A",0.478260869565217,0.538461538461538,0.0740740740740741,0.782608695652174,0.962962962962963,0.666666666666667,0.652173913043478,0.826086956521739,0.566666666666667,0.962962962962963,0.851851851851852,0.458333333333333
"42","390dc09f","A",0.416666666666667,0.791666666666667,0.35,0.84,0.875,0.25,0.695652173913043,0.80952380952381,0.4375,0.769230769230769,0.76,0.37037037037037
"43","39a234f0","A",0.518518518518518,0.590909090909091,0.346153846153846,0.863636363636364,1,0.5,0.458333333333333,0.772727272727273,0.3,0.466666666666667,0.523809523809524,0.344827586206897
"44","3c3d554a","A",0.523809523809524,0.545454545454545,0.382352941176471,0.866666666666667,1,0.8,0.16,0.478260869565217,0,0.612903225806452,0.64,0.416666666666667
"45","3d3bbe78","A",0.529411764705882,0.833333333333333,0.580645161290323,0.814814814814815,0.962962962962963,0.65,0.571428571428571,0.653846153846154,0.607142857142857,0.727272727272727,0.736842105263158,0.571428571428571
"46","3e232fdc","C",0.625,0.666666666666667,0.291666666666667,0.375,0.791666666666667,0.458333333333333,0.5,0.75,0.333333333333333,0.666666666666667,0.625,0.583333333333333
"47","420281f8","A",0.740740740740741,0.619047619047619,0.391304347826087,0.576923076923077,0.941176470588235,0.0769230769230769,0.444444444444444,0.586206896551724,0.5,0.633333333333333,0.67741935483871,0.411764705882353
"48","45eeb9e9","A",0.2,0.275862068965517,0.136363636363636,0.857142857142857,1,0.708333333333333,0.0434782608695652,0.235294117647059,0.0833333333333333,0.583333333333333,0.8,0.542857142857143
"49","4964d924","M",0.583333333333333,0.416666666666667,0.333333333333333,0.916666666666667,1,0.333333333333333,0.291666666666667,0.708333333333333,0.25,0.583333333333333,0.5,0.208333333333333
"50","49b9b3ec","A",0.714285714285714,0.724137931034483,0.217391304347826,0.65,0.96551724137931,0.36,0.652173913043478,0.733333333333333,0.379310344827586,0.821428571428571,0.85,0.6875
"51","4b52d9bd","A",0.692307692307692,0.8,0.3125,0.9375,0.96,0.95,0.375,0.64,0.2,0.695652173913043,0.791666666666667,0.615384615384615
"52","4e408b32","M",0.666666666666667,0.625,0.333333333333333,0.833333333333333,0.958333333333333,0.416666666666667,0.416666666666667,0.583333333333333,0.291666666666667,0.458333333333333,0.75,0.333333333333333
"53","53a653db","A",0.846153846153846,0.782608695652174,0.444444444444444,0.894736842105263,0.96969696969697,0.5,0.578947368421053,0.863636363636364,0.285714285714286,0.75,0.826086956521739,0.423076923076923
"54","53b9a972","C",0.25,0.5,0.0416666666666667,0.916666666666667,0.916666666666667,0.833333333333333,0.458333333333333,0.708333333333333,0.25,0.541666666666667,0.625,0.25
"55","552e0861","A",0.5,0.516129032258065,0.333333333333333,0.925925925925926,0.863636363636364,0.5625,0.538461538461538,0.714285714285714,0.411764705882353,0.869565217391304,0.888888888888889,0.344827586206897
"56","5746bdf9","C",0.666666666666667,0.666666666666667,0.583333333333333,0.875,0.958333333333333,0.541666666666667,0.583333333333333,0.708333333333333,0.375,0.75,0.75,0.625
"57","5846c1bb","A",0.666666666666667,0.793103448275862,0.181818181818182,0.95,1,0.25,0.793103448275862,0.863636363636364,0.526315789473684,0.714285714285714,0.925925925925926,0.708333333333333
"58","58520712","M",0.708333333333333,0.833333333333333,0.25,0.666666666666667,1,0.333333333333333,0.666666666666667,0.833333333333333,0.5,0.75,0.833333333333333,0.625
"59","58deb6f7","C",0.333333333333333,0.5,0.25,0.375,0.708333333333333,0.5,0.541666666666667,0.791666666666667,0.25,0.541666666666667,0.583333333333333,0.5
"60","5c4e274d","A",0.4375,0.6875,0.333333333333333,0.842105263157895,0.944444444444444,0.444444444444444,0.769230769230769,0.67741935483871,0.227272727272727,0.793103448275862,0.684210526315789,0.323529411764706
"61","5c9f5075","C",0.166666666666667,0.458333333333333,0.125,1,1,1,0.208333333333333,0.291666666666667,0.0416666666666667,0.416666666666667,0.708333333333333,0.5
"62","5d221b19","C",0.208333333333333,0.458333333333333,0.291666666666667,0.875,0.875,0.416666666666667,0.375,0.5,0.0833333333333333,0.708333333333333,0.541666666666667,0.416666666666667
"63","5dde584f","M",0.625,0.75,0.375,0.833333333333333,0.958333333333333,0.5,0.541666666666667,0.75,0.458333333333333,0.666666666666667,0.666666666666667,0.208333333333333
"64","5f457077","A",0.80952380952381,0.842105263157895,0.428571428571429,0.91304347826087,0.967741935483871,0.423076923076923,0.666666666666667,0.72,0.25,0.473684210526316,0.555555555555556,0.4375
"65","5fe5defb","M",0.333333333333333,0.708333333333333,0.25,0.958333333333333,1,0.541666666666667,0.5,0.625,0.458333333333333,0.583333333333333,0.791666666666667,0.5
"66","612ee43e","C",0.333333333333333,0.333333333333333,0.0416666666666667,0.791666666666667,0.958333333333333,0.791666666666667,0.458333333333333,0.666666666666667,0.75,0.208333333333333,0.333333333333333,0.458333333333333
"67","61fc0400","M",0.333333333333333,0.541666666666667,0.375,0.833333333333333,1,0.5,0.583333333333333,0.791666666666667,0.333333333333333,0.791666666666667,0.833333333333333,0.541666666666667
"68","6211ef6d","C",0.541666666666667,0.625,0.291666666666667,0.791666666666667,0.833333333333333,0.458333333333333,0.458333333333333,0.583333333333333,0.375,0.875,0.75,0.833333333333333
"69","62fa948a","C",0.541666666666667,0.666666666666667,0.416666666666667,0.875,1,0.541666666666667,0.458333333333333,0.791666666666667,0.458333333333333,0.416666666666667,0.375,0.333333333333333
"70","6391d0cc","C",0.666666666666667,0.875,0.458333333333333,0.833333333333333,0.916666666666667,0.666666666666667,0.375,0.791666666666667,0.333333333333333,0.75,0.75,0.583333333333333
"71","664d98e4","M",0.833333333333333,0.625,0.291666666666667,0.875,0.916666666666667,0.375,0.375,0.666666666666667,0.416666666666667,0.541666666666667,0.583333333333333,0.291666666666667
"72","67771cc7","C",0.541666666666667,0.791666666666667,0.5,0.791666666666667,0.958333333333333,0.375,0.166666666666667,0.666666666666667,0.333333333333333,0.75,0.791666666666667,0.583333333333333
"73","6a1429c4","M",0.625,0.666666666666667,0.375,0.958333333333333,0.958333333333333,0.958333333333333,0.458333333333333,0.583333333333333,0.125,0.666666666666667,0.666666666666667,0.5
"74","6b95592b","C",0.5,0.583333333333333,0.291666666666667,0.75,0.958333333333333,0.5,0.333333333333333,0.583333333333333,0.375,0.541666666666667,0.541666666666667,0.458333333333333
"75","720dfefd","A",0.586206896551724,0.625,0.541666666666667,0.9,0.958333333333333,0.5,0.366666666666667,0.648648648648649,0.5,0.75,0.966666666666667,0.736842105263158
"76","72c9fa91","C",0.666666666666667,0.75,0.416666666666667,0.916666666666667,0.916666666666667,0.5,0.416666666666667,0.708333333333333,0.375,0.541666666666667,0.75,0.375
"77","73314bd1","A",0.310344827586207,0.576923076923077,0.173913043478261,0.85,1,0.545454545454545,0.6,0.636363636363636,0.291666666666667,0.366666666666667,0.48,0.25
"78","7481904c","M",0.666666666666667,0.625,0.375,0.583333333333333,0.958333333333333,0.291666666666667,0.458333333333333,0.708333333333333,0.416666666666667,0.833333333333333,0.875,0.791666666666667
"79","76cf1530","C",0.416666666666667,0.625,0.0833333333333333,0.958333333333333,0.958333333333333,0.541666666666667,0.5,0.708333333333333,0.541666666666667,0.708333333333333,0.666666666666667,0.375
"80","76e8cb48","A",0.619047619047619,0.807692307692308,0.407407407407407,0.923076923076923,0.95,0.166666666666667,0.529411764705882,0.653846153846154,0.526315789473684,0.857142857142857,0.8,0.25
"81","79cdb9f1","C",0.541666666666667,0.708333333333333,0.375,0.875,0.958333333333333,0.166666666666667,0.5,0.375,0.458333333333333,0.666666666666667,0.75,0.375
"82","7c3eda1e","M",0.75,0.75,0.291666666666667,0.833333333333333,0.916666666666667,0.458333333333333,0.458333333333333,0.708333333333333,0.5,0.583333333333333,0.625,0.291666666666667
"83","7e6efe5e","M",0.708333333333333,0.833333333333333,0.375,0.833333333333333,1,0.541666666666667,0.291666666666667,0.541666666666667,0.25,0.75,0.75,0.375
"84","7eabca12","A",0.518518518518518,0.761904761904762,0.310344827586207,0.941176470588235,1,0.130434782608696,0.454545454545455,0.75,0.272727272727273,0.652173913043478,0.916666666666667,0.592592592592593
"85","82a6607f","A",0.652173913043478,0.769230769230769,0.5,0.846153846153846,1,0.181818181818182,0.689655172413793,0.608695652173913,0.285714285714286,0.545454545454545,0.80952380952381,0.565217391304348
"86","863033bd","A",0.4,0.578947368421053,0.227272727272727,0.869565217391304,0.9375,0.3,0.44,0.611111111111111,0.541666666666667,0.85,0.75,0.347826086956522
"87","8aca3bdd","A",0.565217391304348,0.583333333333333,0.0833333333333333,0.766666666666667,0.952380952380952,0.379310344827586,0.4,0.904761904761905,0.275862068965517,0.814814814814815,0.826086956521739,0.555555555555556
"88","8ed04a1e","A",0.433333333333333,0.586206896551724,0.277777777777778,0.681818181818182,0.857142857142857,0.285714285714286,0.576923076923077,0.730769230769231,0.476190476190476,0.5,0.619047619047619,0.19047619047619
"89","90249921","A",0.366666666666667,0.533333333333333,0.142857142857143,0.65,0.952380952380952,0.523809523809524,0.4,0.521739130434783,0.705882352941177,0.590909090909091,0.421052631578947,0.3
"90","929dad4d","A",0.56,0.615384615384615,0.44,0.565217391304348,0.888888888888889,0.727272727272727,0.5,0.65,0.333333333333333,0.619047619047619,0.7,0.375
"91","94d6da82","M",0.208333333333333,0.625,0.375,0.875,0.875,0.416666666666667,0.541666666666667,0.875,0.375,0.666666666666667,0.791666666666667,0.583333333333333
"92","9548883f","M",0.583333333333333,0.791666666666667,0.125,0.791666666666667,0.958333333333333,0.5,0.416666666666667,0.666666666666667,0.166666666666667,0.75,0.75,0.708333333333333
"93","95c7a9cf","A",0.19047619047619,0.423076923076923,0.0416666666666667,0.555555555555556,0.92,0.391304347826087,0.16,0.315789473684211,0.275862068965517,0.7,0.764705882352941,0.608695652173913
"94","96917011","M",0.75,0.708333333333333,0.416666666666667,0.875,1,0.541666666666667,0.541666666666667,0.791666666666667,0.166666666666667,0.625,0.708333333333333,0.416666666666667
"95","98d32600","C",0.416666666666667,0.583333333333333,0.291666666666667,0.958333333333333,1,0.666666666666667,0.333333333333333,0.625,0.25,0.75,0.75,0.458333333333333
"96","996cd43e","M",0.458333333333333,0.666666666666667,0.375,0.666666666666667,0.958333333333333,0.375,0.583333333333333,0.75,0.5,0.708333333333333,0.875,0.458333333333333
"97","99a3afac","A",0.666666666666667,0.62962962962963,0.409090909090909,0.857142857142857,0.962962962962963,0.275862068965517,0.25,0.631578947368421,0.0666666666666667,0.833333333333333,0.9,0.416666666666667
"98","9cb4bdd9","C",0.25,0.625,0.166666666666667,0.916666666666667,0.958333333333333,0.208333333333333,0.5,0.75,0.583333333333333,0.708333333333333,0.625,0.5
"99","9d49e9bb","A",0.454545454545455,0.75,0.454545454545455,0.736842105263158,0.857142857142857,0.16,0.375,0.583333333333333,0.52,0.56,0.7,0.64
"100","a456f01b","A",0.703703703703704,0.857142857142857,0.461538461538462,0.933333333333333,1,1,0.588235294117647,0.727272727272727,0.461538461538462,0.694444444444444,0.76,0.636363636363636
"101","a4a459c5","M",0.625,0.666666666666667,0.25,0.958333333333333,1,0.25,0.583333333333333,0.916666666666667,0.541666666666667,0.791666666666667,0.875,0.25
"102","a4d96170","C",0.458333333333333,0.625,0.25,0.916666666666667,1,0.416666666666667,0.458333333333333,0.916666666666667,0.375,0.666666666666667,0.916666666666667,0.5
"103","a617a0f5","A",0.5,0.727272727272727,0.473684210526316,0.84,0.80952380952381,0.290322580645161,0.517241379310345,0.888888888888889,0.363636363636364,0.758620689655172,0.636363636363636,0.333333333333333
"104","a6c585d3","A",0.5,0.740740740740741,0.380952380952381,0.727272727272727,1,0,0.166666666666667,0.37037037037037,0,0.947368421052632,1,0.923076923076923
"105","a759bf90","M",0.541666666666667,0.708333333333333,0.375,0.583333333333333,0.791666666666667,0.166666666666667,0.541666666666667,0.791666666666667,0.333333333333333,0.708333333333333,0.75,0.666666666666667
"106","a80befde","A",0.689655172413793,0.739130434782609,0.275862068965517,0.84,0.958333333333333,0.166666666666667,0.541666666666667,0.85,0.48,0.636363636363636,0.772727272727273,0.653846153846154
"107","a83a560b","A",0.555555555555556,0.75,0.608695652173913,0.916666666666667,1,0.592592592592593,0.315789473684211,0.62962962962963,0.19047619047619,0.766666666666667,0.909090909090909,0.428571428571429
"108","a9c2b21f","A",0.44,0.586206896551724,0.166666666666667,0.91304347826087,1,0.78125,0.615384615384615,0.882352941176471,0.555555555555556,0.695652173913043,0.727272727272727,0.2
"109","ac31d7f9","A",0.521739130434783,0.923076923076923,0.590909090909091,0.695652173913043,0.931034482758621,0.227272727272727,0.36,0.444444444444444,0.346153846153846,0.72,0.851851851851852,0.636363636363636
"110","aca0bd2a","M",0.625,0.791666666666667,0.333333333333333,0.916666666666667,0.916666666666667,0.333333333333333,0.541666666666667,0.75,0.416666666666667,0.625,0.541666666666667,0.375
"111","ad5fe97f","A",0.5,0.576923076923077,0.181818181818182,0.925925925925926,0.869565217391304,0.466666666666667,0.571428571428571,0.8125,0.333333333333333,0.64,0.476190476190476,0.48
"112","aecbc5c2","A",0.517241379310345,0.363636363636364,0.666666666666667,0.208333333333333,0.761904761904762,0.310344827586207,0.2,0.111111111111111,0.08,0.222222222222222,0.384615384615385,0.25
"113","af81b846","A",0.65,0.714285714285714,0.72,0.851851851851852,1,0.32,0.565217391304348,0.842105263157895,0.689655172413793,0.652173913043478,0.736842105263158,0.2
"114","afaf9330","A",0.375,0.666666666666667,0.4375,0.5,0.736842105263158,0.181818181818182,0.692307692307692,0.757575757575758,0.566666666666667,0.636363636363636,0.888888888888889,0.523809523809524
"115","affea6fc","A",0.428571428571429,0.6,0.208333333333333,0.631578947368421,0.777777777777778,0.15,0.67741935483871,0.5,0.461538461538462,0.545454545454545,0.814814814814815,0.785714285714286
"116","b0ae6cfa","A",0.379310344827586,0.5,0.258064516129032,0.9375,0.9,0.681818181818182,0.259259259259259,0.608695652173913,0.0714285714285714,0.625,0.727272727272727,0.5
"117","b1050cbb","M",0.416666666666667,0.583333333333333,0.25,1,1,0.625,0.375,0.583333333333333,0.25,0.791666666666667,0.916666666666667,0.666666666666667
"118","b2a5db19","A",0.523809523809524,0.421052631578947,0.473684210526316,0.80952380952381,0.827586206896552,0.85,0.263157894736842,0.545454545454545,0.291666666666667,0.8,0.615384615384615,0.482758620689655
"119","b61350fc","C",0.333333333333333,0.5,0.125,0.958333333333333,1,0.875,0.333333333333333,0.625,0.375,0.708333333333333,0.791666666666667,0.208333333333333
"120","b6586471","A",0.652173913043478,0.583333333333333,0.233333333333333,0.782608695652174,0.954545454545455,0.481481481481481,0.5,0.65625,0.421052631578947,0.739130434782609,0.909090909090909,0.782608695652174
"121","b778eb4f","A",0.681818181818182,0.608695652173913,0.173913043478261,0.869565217391304,0.956521739130435,0.5,0.434782608695652,0.633333333333333,0.294117647058824,0.818181818181818,0.857142857142857,0.346153846153846
"122","b7d815e5","A",0.545454545454545,0.727272727272727,0.466666666666667,0.740740740740741,0.916666666666667,0.303030303030303,0.68,0.666666666666667,0.407407407407407,0.523809523809524,0.470588235294118,0.421052631578947
"123","bae52251","C",0.583333333333333,0.541666666666667,0.333333333333333,0.875,1,0.541666666666667,0.333333333333333,0.5,0.458333333333333,0.666666666666667,0.625,0.291666666666667
"124","bc79fe8e","C",0.333333333333333,0.541666666666667,0.25,0.458333333333333,0.666666666666667,0.375,0.625,0.458333333333333,0.125,0.5,0.5,0.541666666666667
"125","bd25afd1","C",0.625,0.458333333333333,0.0833333333333333,0.791666666666667,0.958333333333333,0.583333333333333,0.625,0.75,0.541666666666667,0.791666666666667,0.875,0.291666666666667
"126","beac6eba","A",0.80952380952381,0.739130434782609,0.5,0.833333333333333,0.954545454545455,0.625,0.433333333333333,0.619047619047619,0.5,0.473684210526316,0.617647058823529,0.294117647058824
"127","bf63d4b0","A",0.590909090909091,0.681818181818182,0.1,0.866666666666667,0.956521739130435,0.583333333333333,0.363636363636364,0.842105263157895,0.5,0.655172413793103,0.740740740740741,0.576923076923077
"128","bfd763d3","C",0.791666666666667,0.75,0.333333333333333,0.916666666666667,0.958333333333333,0.791666666666667,0.375,0.5,0.208333333333333,0.791666666666667,0.833333333333333,0.541666666666667
"129","c14afca8","M",0.541666666666667,0.625,0.25,0.625,0.791666666666667,0.458333333333333,0.5,0.583333333333333,0.375,0.416666666666667,0.916666666666667,0.333333333333333
"130","c2777d5e","A",0.666666666666667,0.636363636363636,0.526315789473684,0.931034482758621,0.964285714285714,0.19047619047619,0.307692307692308,0.666666666666667,0.458333333333333,0.75,0.740740740740741,0.52
"131","c2b2b585","A",0.476190476190476,0.483870967741935,0.166666666666667,0.882352941176471,1,0.666666666666667,0.476190476190476,0.548387096774194,0.5,0.739130434782609,0.814814814814815,0.304347826086957
"132","c2efc2bd","A",0.541666666666667,0.666666666666667,0.380952380952381,0.8,0.962962962962963,0.631578947368421,0.59375,0.869565217391304,0.272727272727273,0.583333333333333,0.714285714285714,0.4375
"133","c5dd6f55","A",0.521739130434783,0.733333333333333,0.40625,0.827586206896552,1,0.9,0.411764705882353,0.666666666666667,0.304347826086957,0.565217391304348,0.631578947368421,0.357142857142857
"134","c93f9013","M",0.666666666666667,0.75,0.333333333333333,0.75,0.916666666666667,0.5,0.375,0.666666666666667,0.375,0.666666666666667,0.75,0.541666666666667
"135","d094483c","M",0.541666666666667,0.75,0.458333333333333,0.791666666666667,0.958333333333333,0.5,0.583333333333333,0.875,0.666666666666667,0.583333333333333,0.583333333333333,0.333333333333333
"136","d4970135","A",0.65,0.740740740740741,0.32,0.842105263157895,0.92,0.766666666666667,0.590909090909091,0.590909090909091,0.347826086956522,0.535714285714286,0.708333333333333,0.28
"137","d6fc8611","A",0.416666666666667,0.526315789473684,0.192307692307692,0.833333333333333,1,0.37037037037037,0.409090909090909,0.583333333333333,0.12,0.25,0.588235294117647,0.764705882352941
"138","d832cea2","A",0.761904761904762,0.869565217391304,0.533333333333333,0.84,0.958333333333333,0.666666666666667,0.416666666666667,0.448275862068966,0.259259259259259,0.636363636363636,0.947368421052632,0.45
"139","d8f51d50","M",0.5,0.833333333333333,0.458333333333333,0.708333333333333,0.833333333333333,0.333333333333333,0.458333333333333,0.583333333333333,0.25,0.625,0.708333333333333,0.333333333333333
"140","dba29b75","A",0.84,0.833333333333333,0.32258064516129,0.857142857142857,1,0.75,0.538461538461538,0.944444444444444,0.5,0.888888888888889,1,0.615384615384615
"141","dc760a5d","A",0.48,0.772727272727273,0.368421052631579,0.846153846153846,1,0.464285714285714,0.555555555555556,0.761904761904762,0.310344827586207,0.68,0.722222222222222,0.478260869565217
"142","dcd8e33b","A",0.478260869565217,0.652173913043478,0.36,0.870967741935484,0.961538461538462,0.692307692307692,0.434782608695652,0.772727272727273,0.307692307692308,0.703703703703704,0.842105263157895,0.65
"143","dee3a198","C",0.458333333333333,0.708333333333333,0.208333333333333,0.791666666666667,0.791666666666667,0.291666666666667,0.5,0.708333333333333,0.416666666666667,0.666666666666667,0.583333333333333,0.458333333333333
"144","e05c2243","M",0.666666666666667,0.791666666666667,0.125,0.708333333333333,0.958333333333333,0.375,0.458333333333333,0.75,0.208333333333333,0.75,0.791666666666667,0.75
"145","e13207e8","M",0.625,0.708333333333333,0.25,0.666666666666667,1,0.208333333333333,0.416666666666667,0.791666666666667,0.25,0.875,0.958333333333333,0.708333333333333
"146","e5776088","M",0.375,0.666666666666667,0.291666666666667,0.916666666666667,0.958333333333333,0.583333333333333,0.5,0.541666666666667,0.166666666666667,0.583333333333333,0.791666666666667,0.583333333333333
"147","e6f48dc1","M",0.708333333333333,0.75,0.416666666666667,0.791666666666667,0.916666666666667,0.25,0.375,0.583333333333333,0.5,0.5,0.416666666666667,0.333333333333333
"148","e7786434","M",0.708333333333333,0.833333333333333,0.458333333333333,0.625,0.75,0.291666666666667,0.625,0.791666666666667,0.458333333333333,0.416666666666667,0.583333333333333,0.291666666666667
"149","e852c63d","A",0.666666666666667,0.714285714285714,0.36,0.935483870967742,0.870967741935484,0.342857142857143,0.631578947368421,0.764705882352941,0.529411764705882,0.739130434782609,0.846153846153846,0.55
"150","e8c8abac","C",0.583333333333333,0.625,0.458333333333333,0.833333333333333,0.833333333333333,0.458333333333333,0.458333333333333,0.708333333333333,0.375,0.333333333333333,0.541666666666667,0.291666666666667
"151","e9dcbdfb","C",0.5,0.625,0.416666666666667,0.875,1,0.708333333333333,0.375,0.708333333333333,0.375,0.333333333333333,0.5,0.375
"152","eac06b9a","A",0.7,0.833333333333333,0.379310344827586,0.76,0.909090909090909,0.466666666666667,0.538461538461538,0.62962962962963,0.176470588235294,0.864864864864865,0.933333333333333,0.65
"153","ededba4f","C",0.541666666666667,0.583333333333333,0.375,0.833333333333333,1,0.416666666666667,0.625,0.75,0.458333333333333,0.5,0.458333333333333,0.25
"154","ee8ba1b3","M",0.708333333333333,0.666666666666667,0.208333333333333,1,0.916666666666667,0.375,0.541666666666667,0.625,0.625,0.75,0.75,0.375
"155","ef4e53d6","C",0.541666666666667,0.416666666666667,0.208333333333333,0.708333333333333,0.791666666666667,0.583333333333333,0.291666666666667,0.458333333333333,0.125,0.791666666666667,0.75,0.5
"156","f32b7d38","A",0.772727272727273,0.652173913043478,0.304347826086957,0.625,0.88,0.19047619047619,0.434782608695652,0.518518518518518,0.227272727272727,0.28,0.647058823529412,0.583333333333333
"157","f3490f82","A",0.823529411764706,0.944444444444444,0.709677419354839,0.814814814814815,1,0.478260869565217,0.32,0.481481481481481,0.178571428571429,0.64,0.869565217391304,0.217391304347826
"158","f3b4140d","C",0.5,0.833333333333333,0.25,0.875,1,0.666666666666667,0.458333333333333,0.541666666666667,0.333333333333333,0.541666666666667,0.75,0.333333333333333
"159","f51c6a08","A",0.5,0.625,0.0952380952380952,0.869565217391304,1,0.882352941176471,0.296296296296296,0.518518518518518,0.285714285714286,0.846153846153846,0.818181818181818,0.473684210526316
"160","f68d9943","A",0.611111111111111,0.392857142857143,0.217391304347826,0.666666666666667,0.888888888888889,0.210526315789474,0.37037037037037,0.8,0.409090909090909,0.678571428571429,0.703703703703704,0.6
"161","f70f03e4","M",0.708333333333333,0.708333333333333,0.375,0.875,0.958333333333333,0.5,0.375,0.833333333333333,0.541666666666667,0.791666666666667,0.791666666666667,0.583333333333333
"162","f88bdf93","A",0.612903225806452,0.75,0.217391304347826,0.56,0.806451612903226,0.315789473684211,0.727272727272727,0.896551724137931,0.642857142857143,0.684210526315789,0.882352941176471,0.689655172413793
"163","fd29b2f1","A",0.5,0.575757575757576,0.409090909090909,0.826086956521739,0.95,0.592592592592593,0.428571428571429,0.733333333333333,0.5,0.272727272727273,0.379310344827586,0.24
"164","fe1283f9","M",0.708333333333333,0.666666666666667,0.541666666666667,0.791666666666667,0.958333333333333,0.708333333333333,0.375,0.541666666666667,0.458333333333333,0.625,1,0.5
"165","feded5f4","A",0.515151515151515,0.578947368421053,0.481481481481481,0.944444444444444,1,0.642857142857143,0.62962962962963,0.590909090909091,0.391304347826087,0.777777777777778,0.785714285714286,0.555555555555556
"166","ff1d4fec","C",0.583333333333333,0.75,0.541666666666667,0.958333333333333,1,0.375,0.375,0.625,0.5,0.708333333333333,0.791666666666667,0.583333333333333
