1 5935 20 4973 39 4542 41 1 DD M_T1 10 2231 melody 1
2 7264 21 6560 40 5701 23 1 DS M_ES1 6 1000 melody 2
3 6727 22 6042 41 5215 24 1 DD M_E1 10 831 melody 3
4 6508 23 5684 42 4930 25 1 DS M_ES2 6 1061 melody 4
5 8346 24 7442 43 6768 26 1 DS M_CS2 9 4892 melody 5
6 7333 25 6329 44 5942 27 1 DD M_C2 9 1839 melody 6
7 7323 26 6479 45 5776 28 1 DS M_MS2 6 1200 melody 7
8 8382 27 7139 46 6568 29 1 DD M_C3 9 5194 melody 8
9 5594 28 6364 47 5594 30 1 DD M_M1 6 1126 melody 9
10 7805 29 6868 48 6081 31 1 DS M_ES3 10 1505 melody 10
11 7323 30 6457 49 5851 32 1 DS M_MS1 6 1655 melody 11
12 7270 31 6835 50 5760 33 1 DD M_E2 10 1047 melody 12
13 6691 32 5952 51 5342 34 1 DD M_M2 10 1261 melody 13
14 8304 33 7379 52 6820 35 1 DS M_CS3 7 2292 melody 14
15 7049 34 6237 53 5560 36 1 DD M_C1 6 1272 melody 15
16 7488 35 6643 54 5942 37 1 DD M_E3 10 671 melody 16
17 6878 36 7681 55 6878 38 1 DD M_M3 7 1768 melody 17
18 9276 37 8176 56 7481 39 1 DS M_CS1 6 632 melody 18
19 8286 38 6491 57 7256 40 1 DS M_MS3 6 727 melody 19
172 4939 191 3922 210 3324 41 1 DD P_T1 10 1770 pitch 1
173 4846 192 3958 211 3303 23 1 DS P_ES1 6 617 pitch 2
174 4858 193 3872 212 3376 24 1 DD P_E1 10 882 pitch 3
175 4806 194 3867 213 3304 25 1 DD P_M1 10 968 pitch 4
176 4855 195 3975 214 3329 26 1 DS P_CS2 6 1531 pitch 5
177 4827 196 3859 215 3342 27 1 DD P_C1 7 2649 pitch 6
178 4893 197 3905 216 3335 28 1 DS P_ES2 9 4782 pitch 7
179 4770 198 3879 217 3328 29 1 DD P_E2 10 506 pitch 8
180 4867 199 3950 218 3342 30 1 DS P_ES3 6 396 pitch 9
181 4858 200 3994 219 3254 31 1 DD P_C2 6 771 pitch 10
182 4918 201 3893 220 3322 32 1 DD P_M3 9 2206 pitch 11
183 4860 202 3925 221 3296 33 1 DS P_MS1 6 474 pitch 12
184 4867 203 3889 222 3403 34 1 DD P_M2 10 393 pitch 13
185 4830 204 3950 223 3379 35 1 DS P_MS2 7 1431 pitch 14
186 4870 205 3909 224 3327 36 1 DS P_MS3 6 768 pitch 15
187 4839 206 3943 225 3430 37 1 DD P_E3 10 491 pitch 16
188 4849 207 3916 226 3289 38 1 DD P_C3 6 1007 pitch 17
189 4804 208 3983 227 3398 39 1 DS P_CS1 7 2907 pitch 18
190 4863 209 3930 228 3418 40 1 DS P_CS3 6 622 pitch 19
115 4553 134 3630 153 4055 41 1 DD TB_T1 10 877 timbre 1
116 4420 135 3852 154 4043 23 1 DD TB_E1 10 656 timbre 2
117 4545 136 3790 155 3981 24 1 DS TB_ES1 6 406 timbre 3
118 4465 137 3795 156 3873 25 1 DD TB_C1 9 4589 timbre 4
119 4500 138 3786 157 3977 26 1 DS TB_MS2 6 446 timbre 5
120 4503 139 3790 158 3944 27 1 DS TB_ES2 6 383 timbre 6
121 4525 140 3873 159 3865 28 1 DD TB_C2 7 1204 timbre 7
122 4545 141 3678 160 4093 29 1 DS TB_MS3 6 317 timbre 8
123 4364 142 3656 161 4016 30 1 DS TB_CS1 6 402 timbre 9
124 4444 143 3770 162 3997 31 1 DD TB_E2 10 326 timbre 10
125 4523 144 3671 163 4069 32 1 DS TB_ES3 6 319 timbre 11
126 4538 145 3823 164 3902 33 1 DD TB_M1 9 1381 timbre 12
127 4432 146 3795 165 3984 34 1 DD TB_M2 6 653 timbre 13
128 4443 147 3616 166 4048 35 1 DS TB_MS1 6 406 timbre 14
129 4550 148 3774 167 3940 36 1 DD TB_M3 6 2011 timbre 15
130 4584 149 3782 168 3923 37 1 DS TB_CS2 6 367 timbre 16
131 4428 150 3734 169 3971 38 1 DS TB_CS3 6 307 timbre 17
132 4522 151 3732 170 4035 39 1 DD TB_E3 10 623 timbre 18
133 4395 152 3881 171 3935 40 1 DD TB_C3 7 392 timbre 19
58 5386 77 4374 96 3496 41 1 DD R_T1 10 1256 rhythm 1
59 6246 78 5185 97 4332 23 1 DD R_E1 10 474 rhythm 2
60 5659 79 4527 98 3880 24 1 DS R_ES1 6 1136 rhythm 3
61 5714 80 4652 99 3909 25 1 DD R_M1 10 996 rhythm 4
62 5427 81 4410 100 3653 26 1 DS R_MS2 6 1101 rhythm 5
63 5214 82 4218 101 3432 27 1 DS R_ES2 6 1005 rhythm 6
64 5057 83 3980 102 3565 28 1 DD R_C2 10 1494 rhythm 7
65 6239 84 5379 103 4538 29 1 DS R_MS3 6 1049 rhythm 8
66 5424 85 4259 104 3469 30 1 DS R_CS1 6 1138 rhythm 9
67 6144 86 5347 105 4377 31 1 DD R_E2 10 517 rhythm 10
68 6239 87 5298 106 4619 32 1 DS R_ES3 6 807 rhythm 11
69 5244 88 4022 107 3389 33 1 DD R_C1 9 1686 rhythm 12
70 6237 89 5021 108 4245 34 1 DD R_M2 10 785 rhythm 13
71 6219 90 5154 109 4443 35 1 DS R_MS1 6 1004 rhythm 14
72 6169 91 4957 110 4324 36 1 DD R_M3 10 1157 rhythm 15
73 5370 92 4446 111 3701 37 1 DS R_CS2 6 1841 rhythm 16
74 6218 93 5040 112 4348 38 1 DS R_CS3 9 1827 rhythm 17
75 6224 94 5219 113 4425 39 1 DD R_E3 10 459 rhythm 18
76 5236 95 4344 114 3467 40 1 DD R_C3 10 870 rhythm 19
